*R2
set
i   Index of facilities/1*15/
alias (i,k);

set
j   Index of products/1*35/
alias (l,j);


parameters
b(i)  Index of capacities/
1        114
2        110
3        100
4        107
5        93
6        57
7        79
8        106
9        113
10       144
11       148
12       59
13       116
14       110
15       97/;
table
c(i,j)  the cost of assignment
         1          2          3          4          5          6          7          8          9          10         11         12         13         14         15         16         17         18         19         20         21         22         23         24         25         26         27         28         29         30        31         32         33        34         35
1        76         179        42         92         120        49         98         180        146        121        71         103        2          7          190        69         60         41         58         159        110        65         47         94         154        141        64         172        21         62        11         180        43        156        162
2        64         94         88         10         87         152        54         97         41         104        11         6          161        91         103        164        100        163        138        94         81         196        80         101        47         2          197        136        192        158       115        137        130       191        122
3        198        113        6          148        147        59         198        89         44         2          142        199        100        3          159        107        178        79         29         62         22         56         54         183        118        75         110        162        31         48        150        132        77        184        96
4        144        99         176        8          53         56         37         63         196        138        199        101        108        95         91         105        101        11         103        138        145        15         167        42         92         181        150        107        31         47        65         199        21        77         54
5        83         14         123        191        19         2          173        12         119        190        33         67         175        191        170        155        56         76         145        198        123        151        200        68         173        64         169        192        32         93        99         7          76        33         52
6        20         180        41         149        91         75         7          151        61         175        23         35         145        50         79         25         107        155        186        154        157        167        130        115        133        120        34         14         18         124       45         85         53        160        97
7        147        58         104        188        129        88         67         27         194        23         183        126        134        78         148        126        115        34         147        166        114        185        141        98         71         60         181        109        91         124       188        98         49        23         46
8        128        54         11         103        27         61         150        72         180        71         97         116        36         87         196        70         83         183        150        142        163        66         187        53         70         26         22         57         134        25        97         117        125       32         10
9        15         119        173        49         91         59         129        80         39         49         171        151        111        167        105        67         3          64         82         120        116        161        138        116        51         78         150        97         167        25        108        17         105       72         34
10       25         96         89         52         131        49         34         178        1          113        162        31         192        165        86         115        141        66         48         151        189        108        114        176        191        164        146        137        159        57        45         133        83        170        52
11       197        74         110        152        166        188        191        5          143        123        38         72         120        91         42         173        102        41         105        100        175        93         77         13         60         197        144        42         143        148       20         11         44        117        40
12       100        132        114        199        62         173        109        169        174        61         50         29         162        77         65         40         77         154        44         174        102        165        127        89         32         173        27         122        95         83        13         112        172       118        122
13       5          188        137        72         81         80         51         58         24         160        11         171        197        186        23         135        13         14         169        14         158        191        73         17         73         17         90         66         142        166       164        143        173       186        165
14       11         125        75         151        177        96         116        51         8          160        122        68         178        149        76         181        72         191        133        194        95         16         82         113        149        68         102        177        192        188       155        98         57        116        163
15       29         57         16         23         141        113        184        98         120        157        156        56         43         148        66         40         47         32         164        20         166        142        74         108        142        48         107        27         102        80        40         124        124       2          161;
table
a(i,j)  the resource of products
         1         2         3         4         5         6         7         8         9         10        11        12        13        14        15        16       17        18        19        20        21       22        23        24        25        26        27        28        29        30        31       32        33        34       35
1        15        13        2         9         2         19        18        13        1         5         3         14        18        20        13        4        13        3         5         15        8        1         17        15        3         18        11        6         17        11        1        19        15        3        16
2        18        15        3         20        12        13        5         20        20        8         6         13        10        15        1         8        20        19        15        14        10       17        3         18        14        18        18        18        5         8         12       20        1         10       3
3        16        9         18        6         4         15        8         5         14        7         18        7         12        4         7         17       5         12        16        5         7        4         7         13        13        4         19        15        16        10        15       8         16        5        10
4        5         18        9         14        2         15        18        16        8         2         4         8         14        18        11        4        8         18        11        2         16       4         1         4         5         14        17        9         14        20        3        13        19        19       1
5        20        19        9         20        12        8         6         18        11        11        3         4         20        19        7         7        6         9         12        6         8        4         20        12        4         19        18        15        1         13        5        2         1         7        4
6        2         16        20        14        6         6         20        10        16        17        11        16        11        20        13        20       6         13        13        18        15       14        16        4         4         20        15        19        16        19        17       5         17        18       10
7        14        6         16        6         8         1         13        4         1         19        7         10        13        12        8         17       4         2         20        12        10       5         16        19        3         3         3         4         19        10        3        1         16        6        17
8        5         16        20        11        15        10        4         17        15        15        8         8         12        12        3         5        1         19        13        10        15       6         3         2         5         4         11        5         10        9         18       10        20        18       3
9        5         3         5         1         18        13        17        10        15        8         16        16        19        4         19        20       9         13        13        9         19       16        7         7         20        15        4         13        17        16        19       4         5         4        15
10       7         11        2         18        7         6         14        3         10        6         17        5         18        11        13        2        5         3         19        16        11       11        4         12        1         1         17        17        3         15        1        20        19        16       14
11       4         13        8         9         20        11        11        18        12        14        14        17        4         11        14        9        18        15        12        14        19       19        10        10        20        2         19        18        16        9         8        9         13        1        1
12       11        15        11        7         20        5         6         13        7         18        9         17        4         4         14        9        11        8         7         14        5        2         17        17        1         10        4         8         19        2         4        20        3         13       10
13       20        8         12        20        5         6         1         2         4         19        13        17        5         10        15        9        19        2         20        4         18       9         13        11        20        17        18        3         17        2         11       15        6         12       20
14       8         15        20        10        16        14        5         19        8         2         5         8         16        11        17        3        20        5         9         9         2        12        14        5         6         20        8         2         6         16        3        12        16        8        3
15       12        18        10        6         13        18        8         1         19        10        13        8         4         4         11        9        12        5         13        11        10       12        13        15        11        1         8         8         5         14        1        11        17        5        15;

table
d(i,k)  Distance between the facilities
         1                       2                       3                       4                       5                       6                       7                       8                       9                       10                      11                      12                      13                      14                      15
1        0                       32.4499614791759        69.8569967862919        39.3573373083089        97.3087868591527        81.8352002502591        67                      22.2036033111745        72.8010988928052        73.0616178304313        59.4390444068543        75.0599760191808        72.4430811050993        83.7257427557379        83.4505841801003
2        32.4499614791759        0                       53.2634959423431        8                       66.8879660327626        51.8844870842914        55.9464029227975        53.3104117410474        70.0927956355002        62.6498204307083        56.5685424949238        64.4127316607517        57.2450871254468        56.7538544946508        51.8555686498567
3        69.8569967862919        53.2634959423431        0                       47.3814309619285        91.1975876873945        81.7863069223694        107.298648640139        90.9340420304739        123.044707322176        113.850779531806        109.713262644040        115.420968632220        106.508215645555        93.0053761886914        74.4311762637136
4        39.3573373083089        8                       47.3814309619285        0                       63.0713881248859        48.7031826475437        60.2162768692984        60.7453701939498        75.6901578806650        66.8505796534331        62.4819974072532        68.5054742338158        60.3738353924943        55.3263047744922        47.1699056602830
5        97.3087868591527        66.8879660327626        91.1975876873945        63.0713881248859        0                       15.5563491861040        62.5139984323511        114.629839047257        82.1522975941635        65.0307619515564        76.9025357189215        65                      54.0832691319598        21.0950231097290        17.1172427686237
6        81.8352002502591        51.8844870842914        81.7863069223694        48.7031826475437        15.5563491861040        0                       51.0881590977792        99.0858213873206        71.2530701092942        54.7448627726840        64.2806347199528        55.1089829338194        43.7378554572581        13.4536240470737        10.8166538263920
7        67                      55.9464029227975        107.298648640139        60.2162768692984        62.5139984323511        51.0881590977792        0                       73.3757453113766        20.2237484161567        6.70820393249937        15.8113883008419        8.54400374531753        9.43398113205660        41.4366987102013        60.6712452484701
8        22.2036033111745        53.3104117410474        90.9340420304739        60.7453701939498        114.629839047257        99.0858213873206        73.3757453113766        0                       73.0273921210391        78.3390068867356        61.6603600378720        80.2807573457052        80.7774721070176        98.7167665596883        102.200782775867
9        72.8010988928052        70.0927956355002        123.044707322176        75.6901578806650        82.1522975941635        71.2530701092942        20.2237484161567        73.0273921210391        0                       17.2626765016321        13.8924439894498        17.7200451466694        28.0713376952364        61.0737259384099        80.8949936646267
10       73.0616178304313        62.6498204307083        113.850779531806        66.8505796534331        65.0307619515564        54.7448627726840        6.70820393249937        78.3390068867356        17.2626765016321        0                       18.0277563773199        2                       11.0453610171873        44                      64.7610994347687
11       59.4390444068543        56.5685424949238        109.713262644040        62.4819974072532        76.9025357189215        64.2806347199528        15.8113883008419        61.6603600378720        13.8924439894498        18.0277563773199        0                       19.7230829233160        25.2388589282479        56.0446250768082        73
12       75.0599760191808        64.4127316607517        115.420968632220        68.5054742338158        65                      55.1089829338194        8.54400374531753        80.2807573457052        17.7200451466694        2                       19.7230829233160        0                       11.4017542509914        44.0454310910905        65.2533524043018
13       72.4430811050993        57.2450871254468        106.508215645555        60.3738353924943        54.0832691319598        43.7378554572581        9.43398113205660        80.7774721070176        28.0713376952364        11.0453610171873        25.2388589282479        11.4017542509914        0                       33.0151480384384        53.8516480713450
14       83.7257427557379        56.7538544946508        93.0053761886914        55.3263047744922        21.0950231097290        13.4536240470737        41.4366987102013        98.7167665596883        61.0737259384099        44                      56.0446250768082        44.0454310910905        33.0151480384384        0                       24.2074368738204
15       83.4505841801003        51.8555686498567        74.4311762637136        47.1699056602830        17.1172427686237        10.8166538263920        60.6712452484701        102.200782775867        80.8949936646267        64.7610994347687        73                      65.2533524043018        53.8516480713450        24.2074368738204        0;
table
f(j,l)  Flow between the products
         1                       2                       3                       4                       5                       6                       7                       8                       9                       10                      11                      12                      13                      14                      15                      16                      17                      18                      19                      20                      21                      22                      23                      24                      25                      26                      27                      28                      29                      30                      31                      32                      33                      34                      35
1        0                       5.09901951359278        8.06225774829855        9.21954445729289        4.12310562561766        9.48683298050514        6.40312423743285        10.8166538263920        8.06225774829855        11.3137084989848        7.81024967590665        9.48683298050514        4.12310562561766        6.40312423743285        5                       3.16227766016838        5.83095189484530        9.21954445729289        9.48683298050514        7.81024967590665        4.47213595499958        3.60555127546399        7.81024967590665        2.23606797749979        8.24621125123532        9                       8.06225774829855        6.70820393249937        9.43398113205660        3.16227766016838        1                       5.83095189484530        8.60232526704263        3.60555127546399        6.08276253029822
2        5.09901951359278        0                       3                       6.08276253029822        5                       8.24621125123532        4.12310562561766        6.40312423743285        8.06225774829855        7.61577310586391        4.12310562561766        8.24621125123532        5                       4.12310562561766        2.23606797749979        4.47213595499958        2                       8.54400374531753        8.24621125123532        5                       4.24264068711929        3.60555127546399        4.12310562561766        3                       3.16227766016838        4.12310562561766        3.60555127546399        5.38516480713450        7                       4.47213595499958        4.12310562561766        4.47213595499958        6                       2.23606797749979        1
3        8.06225774829855        3                       0                       6.32455532033676        7.61577310586391        9.43398113205660        5.65685424949238        5.09901951359278        9.89949493661167        7                       4.47213595499958        9.43398113205660        7.61577310586391        5.65685424949238        4.47213595499958        7.28010988928052        3.60555127546399        10                      9.43398113205660        5.83095189484530        6.70820393249937        6.32455532033676        4.47213595499958        6                       1                       1.41421356237310        3.16227766016838        7.07106781186548        7.61577310586391        7.28010988928052        7.07106781186548        6.40312423743285        6.70820393249937        5.09901951359278        2
4        9.21954445729289        6.08276253029822        6.32455532033676        0                       5.83095189484530        3.60555127546399        2.82842712474619        3.16227766016838        5.09901951359278        2.23606797749979        2                       3.60555127546399        5.83095189484530        2.82842712474619        4.47213595499958        6.40312423743285        4.12310562561766        4.47213595499958        3.60555127546399        1.41421356237310        5                       5.65685424949238        2                       7.21110255092798        5.38516480713450        7.61577310586391        3.16227766016838        3.16227766016838        1.41421356237310        6.40312423743285        8.60232526704263        3.60555127546399        1                       5.83095189484530        6
5        4.12310562561766        5                       7.61577310586391        5.83095189484530        0                       5.38516480713450        3.16227766016838        8.24621125123532        4                       8.06225774829855        5.09901951359278        5.38516480713450        0                       3.16227766016838        3.16227766016838        1                       4.12310562561766        5.09901951359278        5.38516480713450        4.47213595499958        1                       1.41421356237310        5.09901951359278        3.16227766016838        7.28010988928052        8.94427190999916        6                       2.82842712474619        5.65685424949238        1                       4                       2.23606797749979        5                       2.82842712474619        5.83095189484530
6        9.48683298050514        8.24621125123532        9.43398113205660        3.60555127546399        5.38516480713450        0                       4.12310562561766        6.70820393249937        2.23606797749979        5.09901951359278        5                       0                       5.38516480713450        4.12310562561766        6.08276253029822        6.32455532033676        6.32455532033676        1                       0                       3.60555127546399        5.09901951359278        6.08276253029822        5                       8.06225774829855        8.60232526704263        10.8166538263920        6.40312423743285        3                       2.23606797749979        6.32455532033676        9.21954445729289        4                       2.82842712474619        7                       8.54400374531753
7        6.40312423743285        4.12310562561766        5.65685424949238        2.82842712474619        3.16227766016838        4.12310562561766        0                       5.09901951359278        4.24264068711929        5                       2                       4.12310562561766        3.16227766016838        0                       2                       3.60555127546399        2.23606797749979        4.47213595499958        4.12310562561766        1.41421356237310        2.23606797749979        2.82842712474619        2                       4.47213595499958        5                       7.07106781186548        3.16227766016838        1.41421356237310        3.16227766016838        3.60555127546399        5.83095189484530        1                       2.23606797749979        3.16227766016838        4.47213595499958
8        10.8166538263920        6.40312423743285        5.09901951359278        3.16227766016838        8.24621125123532        6.70820393249937        5.09901951359278        0                       8.24621125123532        2.23606797749979        3.16227766016838        6.70820393249937        8.24621125123532        5.09901951359278        5.83095189484530        8.54400374531753        5                       7.61577310586391        6.70820393249937        4                       7.28010988928052        7.61577310586391        3.16227766016838        8.60232526704263        4.12310562561766        6                       2.82842712474619        6                       4.47213595499958        8.54400374531753        10                      6.08276253029822        4.12310562561766        7.21110255092798        5.83095189484530
9        8.06225774829855        8.06225774829855        9.89949493661167        5.09901951359278        4                       2.23606797749979        4.24264068711929        8.24621125123532        0                       7                       5.83095189484530        2.23606797749979        4                       4.24264068711929        5.83095189484530        5                       6.40312423743285        1.41421356237310        2.23606797749979        4.47213595499958        4.12310562561766        5.09901951359278        5.83095189484530        7.07106781186548        9.21954445729289        11.3137084989848        7.21110255092798        2.82842712474619        4                       5                       8                       3.60555127546399        4.12310562561766        6.32455532033676        8.60232526704263
10       11.3137084989848        7.61577310586391        7                       2.23606797749979        8.06225774829855        5.09901951359278        5                       2.23606797749979        7                       0                       3.60555127546399        5.09901951359278        8.06225774829855        5                       6.40312423743285        8.60232526704263        5.83095189484530        6.08276253029822        5.09901951359278        3.60555127546399        7.21110255092798        7.81024967590665        3.60555127546399        9.21954445729289        6                       8.06225774829855        4.12310562561766        5.38516480713450        3                       8.60232526704263        10.6301458127347        5.83095189484530        3.16227766016838        7.81024967590665        7.28010988928052
11       7.81024967590665        4.12310562561766        4.47213595499958        2                       5.09901951359278        5                       2                       3.16227766016838        5.83095189484530        3.60555127546399        0                       5                       5.09901951359278        2                       2.82842712474619        5.38516480713450        2.23606797749979        5.65685424949238        5                       1.41421356237310        4.12310562561766        4.47213595499958        0                       5.65685424949238        3.60555127546399        5.83095189484530        1.41421356237310        3.16227766016838        3.16227766016838        5.38516480713450        7.07106781186548        3                       2.23606797749979        4.24264068711929        4
12       9.48683298050514        8.24621125123532        9.43398113205660        3.60555127546399        5.38516480713450        0                       4.12310562561766        6.70820393249937        2.23606797749979        5.09901951359278        5                       0                       5.38516480713450        4.12310562561766        6.08276253029822        6.32455532033676        6.32455532033676        1                       0                       3.60555127546399        5.09901951359278        6.08276253029822        5                       8.06225774829855        8.60232526704263        10.8166538263920        6.40312423743285        3                       2.23606797749979        6.32455532033676        9.21954445729289        4                       2.82842712474619        7                       8.54400374531753
13       4.12310562561766        5                       7.61577310586391        5.83095189484530        0                       5.38516480713450        3.16227766016838        8.24621125123532        4                       8.06225774829855        5.09901951359278        5.38516480713450        0                       3.16227766016838        3.16227766016838        1                       4.12310562561766        5.09901951359278        5.38516480713450        4.47213595499958        1                       1.41421356237310        5.09901951359278        3.16227766016838        7.28010988928052        8.94427190999916        6                       2.82842712474619        5.65685424949238        1                       4                       2.23606797749979        5                       2.82842712474619        5.83095189484530
14       6.40312423743285        4.12310562561766        5.65685424949238        2.82842712474619        3.16227766016838        4.12310562561766        0                       5.09901951359278        4.24264068711929        5                       2                       4.12310562561766        3.16227766016838        0                       2                       3.60555127546399        2.23606797749979        4.47213595499958        4.12310562561766        1.41421356237310        2.23606797749979        2.82842712474619        2                       4.47213595499958        5                       7.07106781186548        3.16227766016838        1.41421356237310        3.16227766016838        3.60555127546399        5.83095189484530        1                       2.23606797749979        3.16227766016838        4.47213595499958
15       5                       2.23606797749979        4.47213595499958        4.47213595499958        3.16227766016838        6.08276253029822        2                       5.83095189484530        5.83095189484530        6.40312423743285        2.82842712474619        6.08276253029822        3.16227766016838        2                       0                       3                       1                       6.32455532033676        6.08276253029822        3.16227766016838        2.23606797749979        2                       2.82842712474619        2.82842712474619        4.12310562561766        5.83095189484530        3.16227766016838        3.16227766016838        5.09901951359278        3                       4.24264068711929        2.23606797749979        4.12310562561766        1.41421356237310        2.82842712474619
16       3.16227766016838        4.47213595499958        7.28010988928052        6.40312423743285        1                       6.32455532033676        3.60555127546399        8.54400374531753        5                       8.60232526704263        5.38516480713450        6.32455532033676        1                       3.60555127546399        3                       0                       4                       6.08276253029822        6.32455532033676        5                       1.41421356237310        1                       5.38516480713450        2.23606797749979        7.07106781186548        8.54400374531753        6.08276253029822        3.60555127546399        6.40312423743285        0                       3                       2.82842712474619        5.65685424949238        2.23606797749979        5.38516480713450
17       5.83095189484530        2                       3.60555127546399        4.12310562561766        4.12310562561766        6.32455532033676        2.23606797749979        5                       6.40312423743285        5.83095189484530        2.23606797749979        6.32455532033676        4.12310562561766        2.23606797749979        1                       4                       0                       6.70820393249937        6.32455532033676        3                       3.16227766016838        3                       2.23606797749979        3.60555127546399        3.16227766016838        5                       2.23606797749979        3.60555127546399        5                       4                       5                       2.82842712474619        4                       2.23606797749979        2.23606797749979
18       9.21954445729289        8.54400374531753        10                      4.47213595499958        5.09901951359278        1                       4.47213595499958        7.61577310586391        1.41421356237310        6.08276253029822        5.65685424949238        1                       5.09901951359278        4.47213595499958        6.32455532033676        6.08276253029822        6.70820393249937        0                       1                       4.24264068711929        5                       6                       5.65685424949238        8                       9.21954445729289        11.4017542509914        7.07106781186548        3.16227766016838        3.16227766016838        6.08276253029822        9.05538513813742        4.12310562561766        3.60555127546399        7.07106781186548        8.94427190999916
19       9.48683298050514        8.24621125123532        9.43398113205660        3.60555127546399        5.38516480713450        0                       4.12310562561766        6.70820393249937        2.23606797749979        5.09901951359278        5                       0                       5.38516480713450        4.12310562561766        6.08276253029822        6.32455532033676        6.32455532033676        1                       0                       3.60555127546399        5.09901951359278        6.08276253029822        5                       8.06225774829855        8.60232526704263        10.8166538263920        6.40312423743285        3                       2.23606797749979        6.32455532033676        9.21954445729289        4                       2.82842712474619        7                       8.54400374531753
20       7.81024967590665        5                       5.83095189484530        1.41421356237310        4.47213595499958        3.60555127546399        1.41421356237310        4                       4.47213595499958        3.60555127546399        1.41421356237310        3.60555127546399        4.47213595499958        1.41421356237310        3.16227766016838        5                       3                       4.24264068711929        3.60555127546399        0                       3.60555127546399        4.24264068711929        1.41421356237310        5.83095189484530        5                       7.21110255092798        2.82842712474619        2                       2                       5                       7.21110255092798        2.23606797749979        1                       4.47213595499958        5.09901951359278
21       4.47213595499958        4.24264068711929        6.70820393249937        5                       1                       5.09901951359278        2.23606797749979        7.28010988928052        4.12310562561766        7.21110255092798        4.12310562561766        5.09901951359278        1                       2.23606797749979        2.23606797749979        1.41421356237310        3.16227766016838        5                       5.09901951359278        3.60555127546399        0                       1                       4.12310562561766        3                       6.32455532033676        8.06225774829855        5                       2.23606797749979        5                       1.41421356237310        4.12310562561766        1.41421356237310        4.24264068711929        2.23606797749979        5
22       3.60555127546399        3.60555127546399        6.32455532033676        5.65685424949238        1.41421356237310        6.08276253029822        2.82842712474619        7.61577310586391        5.09901951359278        7.81024967590665        4.47213595499958        6.08276253029822        1.41421356237310        2.82842712474619        2                       1                       3                       6                       6.08276253029822        4.24264068711929        1                       0                       4.47213595499958        2                       6.08276253029822        7.61577310586391        5.09901951359278        3.16227766016838        5.83095189484530        1                       3.16227766016838        2.23606797749979        5                       1.41421356237310        4.47213595499958
23       7.81024967590665        4.12310562561766        4.47213595499958        2                       5.09901951359278        5                       2                       3.16227766016838        5.83095189484530        3.60555127546399        0                       5                       5.09901951359278        2                       2.82842712474619        5.38516480713450        2.23606797749979        5.65685424949238        5                       1.41421356237310        4.12310562561766        4.47213595499958        0                       5.65685424949238        3.60555127546399        5.83095189484530        1.41421356237310        3.16227766016838        3.16227766016838        5.38516480713450        7.07106781186548        3                       2.23606797749979        4.24264068711929        4
24       2.23606797749979        3                       6                       7.21110255092798        3.16227766016838        8.06225774829855        4.47213595499958        8.60232526704263        7.07106781186548        9.21954445729289        5.65685424949238        8.06225774829855        3.16227766016838        4.47213595499958        2.82842712474619        2.23606797749979        3.60555127546399        8                       8.06225774829855        5.83095189484530        3                       2                       5.65685424949238        0                       6.08276253029822        7.07106781186548        5.83095189484530        5.09901951359278        7.61577310586391        2.23606797749979        1.41421356237310        4.12310562561766        6.70820393249937        1.41421356237310        4
25       8.24621125123532        3.16227766016838        1                       5.38516480713450        7.28010988928052        8.60232526704263        5                       4.12310562561766        9.21954445729289        6                       3.60555127546399        8.60232526704263        7.28010988928052        5                       4.12310562561766        7.07106781186548        3.16227766016838        9.21954445729289        8.60232526704263        5                       6.32455532033676        6.08276253029822        3.60555127546399        6.08276253029822        0                       2.23606797749979        2.23606797749979        6.40312423743285        6.70820393249937        7.07106781186548        7.28010988928052        5.83095189484530        5.83095189484530        5                       2.23606797749979
