*R2
set
i   Index of facilities/1*20/
alias (i,k);

set
j   Index of products/1*30/
alias (l,j);


parameters
b(i)  Index of capacities/
1        88
2        90
3        87
4        62
5        80
6        110
7        123
8        70
9        50
10       20
11       30
12       40
13       20
14       10
15       30
16       40
17       20
18       20
19       30
20       20/;
table
c(i,j)  the cost of assignment
         1          2          3          4          5          6          7          8          9          10         11         12         13         14         15         16         17         18         19         20         21         22         23         24         25         26         27         28         29         30
1        251        221        191        251        384        222        235        272        255        400        251        208        301        143        383        142        152        312        260        156        302        318        127        286        259        352        373        328        329        390
2        247        136        113        294        265        300        161        198        297        266        284        236        250        268        297        178        141        294        315        100        229        212        285        280        349        276        266        399        268        134
3        363        180        158        192        319        381        370        237        386        255        346        216        165        101        236        126        280        266        153        195        309        275        103        151        358        385        109        156        155        115
4        206        177        316        141        273        344        329        314        317        199        260        333        272        330        352        229        371        165        201        310        177        134        272        127        337        118        116        335        249        191
5        235        199        317        243        107        245        365        366        220        229        160        321        136        355        260        177        382        332        156        288        102        117        337        176        195        275        342        158        255        274
6        390        145        364        209        234        327        185        316        350        248        236        229        302        375        266        189        166        168        196        263        260        394        170        358        236        185        235        398        399        259
7        112        204        275        337        294        225        302        105        140        121        228        308        280        397        304        227        245        211        221        232        184        185        234        374        326        349        215        341        357        371
8        392        136        121        334        256        392        299        303        118        367        390        384        116        252        210        135        213        368        265        186        384        279        271        310        133        157        337        227        389        262
9        156        366        377        301        212        397        136        231        125        119        286        336        116        181        172        249        257        357        114        250        372        389        118        318        133        233        209        319        304        230
10       300        128        340        140        382        360        222        231        149        231        309        312        145        130        274        312        179        221        266        329        218        155        249        169        181        218        260        250        221        263
11       276        379        186        106        349        217        182        135        197        348        316        132        105        252        360        173        120        195        182        329        107        158        293        273        257        348        314        343        381        314
12       303        220        263        268        355        236        315        345        190        218        204        217        230        276        222        336        231        283        172        273        302        202        166        343        392        303        362        207        244        105
13       208        114        396        190        212        174        185        197        103        284        255        277        350        329        133        122        152        373        173        325        351        380        351        221        313        162        198        122        169        341
14       286        203        315        382        278        336        369        174        262        346        267        238        285        124        233        218        107        373        146        294        392        217        392        397        193        195        295        277        219        142
15       344        321        352        395        362        365        348        203        128        366        147        115        256        299        190        101        387        278        387        137        117        182        354        127        187        140        393        373        312        244
16       105        339        230        186        380        375        217        213        144        380        269        168        360        255        220        166        229        200        381        251        235        145        252        196        355        302        122        158        268        177
17       125        264        241        341        301        268        249        264        289        157        309        351        129        151        350        100        389        356        346        204        275        219        183        253        374        271        276        230        327        211
18       393        306        268        369        162        280        309        269        358        177        228        104        373        382        221        156        329        233        319        127        306        212        324        118        292        151        224        325        399        299
19       296        368        180        279        296        144        351        219        393        370        351        359        132        277        217        142        102        372        152        144        316        139        171        318        176        144        193        111        389        151
20       169        116        325        366        121        370        283        219        271        278        320        123        255        232        208        180        304        109        208        159        295        230        388        267        126        243        179        384        261        183;

table
a(i,j)  the resource of products
         1         2         3         4         5         6         7         8         9         10        11        12        13        14        15        16        17        18        19        20        21       22        23        24        25        26        27        28        29        30
1        18        15        12        3         15        12        4         18        13        14        14        16        3         14        2         20        12        16        17        16        13       5         6         3         9         16        3         11        17        6
2        12        12        13        10        2         18        8         2         2         12        3         8         16        9         3         4         7         15        15        5         8        8         5         5         13        14        4         9         7         5
3        19        5         1         18        18        7         2         5         2         8         15        5         6         10        4         6         6         15        3         2         20       2         10        4         16        1         2         20        12        15
4        14        14        13        18        19        9         11        2         16        2         3         2         13        13        4         8         10        3         11        16        5        13        5         1         12        17        10        17        20        13
5        12        2         8         6         20        2         7         9         19        16        3         16        20        2         7         2         9         14        7         14        14       4         17        3         12        19        4         10        11        12
6        17        13        1         5         18        4         4         1         11        7         13        5         9         7         7         14        8         10        11        15        13       1         20        13        12        16        18        18        7         14
7        18        14        10        12        16        14        5         18        3         13        7         8         14        16        5         9         12        5         8         13        8        15        1         19        11        1         2         3         13        1
8        20        15        4         13        11        7         19        4         17        15        14        12        16        14        6         20        15        2         9         9         3        7         11        8         2         8         1         8         8         7
9        1         18        3         9         4         18        14        2         7         3         15        5         9         3         18        9         9         17        4         8         1        14        2         9         15        15        12        19        16        10
10       18        20        5         5         8         3         10        7         6         3         12        13        14        3         15        13        9         4         6         17        9        8         17        20        20        15        16        19        9         5
11       13        16        3         19        3         20        19        10        15        11        15        10        3         2         12        4         3         4         1         7         4        13        20        19        8         5         7         15        10        15
12       20        12        4         2         1         11        3         3         1         10        5         4         19        1         4         8         1         14        19        17        15       1         2         14        20        6         4         13        14        18
13       11        19        1         3         19        15        15        20        1         18        15        16        4         9         5         4         6         18        14        16        8        19        19        20        7         14        7         7         20        6
14       10        12        13        3         7         20        15        7         14        16        20        3         6         14        2         16        7         11        19        18        17       17        1         16        18        10        5         19        7         15
15       17        1         6         4         6         6         12        6         13        15        18        6         16        15        19        18        14        15        4         11        15       15        14        7         10        13        11        3         17        3
16       5         3         11        13        7         9         4         2         11        2         2         5         10        11        15        8         20        4         19        13        12       17        16        14        9         5         19        15        15        17
17       10        18        14        12        10        10        12        6         15        2         8         11        16        3         12        14        19        20        16        20        4        8         11        5         5         4         13        13        20        3
18       19        10        10        2         13        16        6         1         15        2         8         2         8         13        7         6         10        11        12        9         20       13        18        6         3         17        3         17        1         12
19       12        17        11        19        1         17        3         11        16        16        14        9         6         3         4         11        5         14        9         2         6        12        18        14        7         16        8         8         8         8
20       17        5         9         15        17        3         5         16        6         19        12        3         1         3         13        17        16        1         6         18        19       11        13        11        15        19        2         15        14        17;

table
d(i,k)  Distance between the facilities
         1                       2                       3                       4                       5                       6                       7                       8                       9                       10                      11                      12                      13                      14                      15                      16                      17                      18                      19                      20
1        0                       32.4499614791759        69.8569967862919        39.3573373083089        97.3087868591527        81.8352002502591        67                      22.2036033111745        72.8010988928052        73.0616178304313        59.4390444068543        75.0599760191808        72.4430811050993        83.7257427557379        83.4505841801003        7.21110255092798        25.4950975679639        38.2099463490856        19.4164878389476        23.1948270094864
2        32.4499614791759        0                       53.2634959423431        8                       66.8879660327626        51.8844870842914        55.9464029227975        53.3104117410474        70.0927956355002        62.6498204307083        56.5685424949238        64.4127316607517        57.2450871254468        56.7538544946508        51.8555686498567        25.2388589282479        23.0867927612304        8.06225774829855        31.0161248385416        50.8035431835222
3        69.8569967862919        53.2634959423431        0                       47.3814309619285        91.1975876873945        81.7863069223694        107.298648640139        90.9340420304739        123.044707322176        113.850779531806        109.713262644040        115.420968632220        106.508215645555        93.0053761886914        74.4311762637136        65.1459898996093        44.3846820423443        58                      52.2398315464359        71.3442359269479
4        39.3573373083089        8                       47.3814309619285        0                       63.0713881248859        48.7031826475437        60.2162768692984        60.7453701939498        75.6901578806650        66.8505796534331        62.4819974072532        68.5054742338158        60.3738353924943        55.3263047744922        47.1699056602830        32.2024843762092        25.0798724079689        10.6301458127347        34.6698716467194        55.9016994374947
5        97.3087868591527        66.8879660327626        91.1975876873945        63.0713881248859        0                       15.5563491861040        62.5139984323511        114.629839047257        82.1522975941635        65.0307619515564        76.9025357189215        65                      54.0832691319598        21.0950231097290        17.1172427686237        90.4267659490264        88.1419309976812        59.6405902049938        97.5294827218929        117.596768663089
6        81.8352002502591        51.8844870842914        81.7863069223694        48.7031826475437        15.5563491861040        0                       51.0881590977792        99.0858213873206        71.2530701092942        54.7448627726840        64.2806347199528        55.1089829338194        43.7378554572581        13.4536240470737        10.8166538263920        75                      73.7360156233031        44.4184646290256        82.7647267862343        102.396288995256
7        67                      55.9464029227975        107.298648640139        60.2162768692984        62.5139984323511        51.0881590977792        0                       73.3757453113766        20.2237484161567        6.70820393249937        15.8113883008419        8.54400374531753        9.43398113205660        41.4366987102013        60.6712452484701        63.2850693291870        76.2167960491649        49.6487663492256        79.6241169495775        90.0499861188218
8        22.2036033111745        53.3104117410474        90.9340420304739        60.7453701939498        114.629839047257        99.0858213873206        73.3757453113766        0                       73.0273921210391        78.3390068867356        61.6603600378720        80.2807573457052        80.7774721070176        98.7167665596883        102.200782775867        28.8617393793236        47.0425339453563        57.8013840664737        38.8329756778952        27.5862284482674
9        72.8010988928052        70.0927956355002        123.044707322176        75.6901578806650        82.1522975941635        71.2530701092942        20.2237484161567        73.0273921210391        0                       17.2626765016321        13.8924439894498        17.7200451466694        28.0713376952364        61.0737259384099        80.8949936646267        70.9365914038728        87.4642784226795        65.1152823843988        88.6397202161650        94.5409963983879
10       73.0616178304313        62.6498204307083        113.850779531806        66.8505796534331        65.0307619515564        54.7448627726840        6.70820393249937        78.3390068867356        17.2626765016321        0                       18.0277563773199        2                       11.0453610171873        44                      64.7610994347687        69.5844810284592        82.8733974204026        56.3027530410370        86.1220064791805        96
11       59.4390444068543        56.5685424949238        109.713262644040        62.4819974072532        76.9025357189215        64.2806347199528        15.8113883008419        61.6603600378720        13.8924439894498        18.0277563773199        0                       19.7230829233160        25.2388589282479        56.0446250768082        73                      57.2450871254468        73.5730929076656        52.0096144957834        74.8465096046569        81.6149496109628
12       75.0599760191808        64.4127316607517        115.420968632220        68.5054742338158        65                      55.1089829338194        8.54400374531753        80.2807573457052        17.7200451466694        2                       19.7230829233160        0                       11.4017542509914        44.0454310910905        65.2533524043018        71.5681493403316        84.7584804016684        57.9827560572969        88.0738326632831        98
13       72.4430811050993        57.2450871254468        106.508215645555        60.3738353924943        54.0832691319598        43.7378554572581        9.43398113205660        80.7774721070176        28.0713376952364        11.0453610171873        25.2388589282479        11.4017542509914        0                       33.0151480384384        53.8516480713450        68.0294054067798        78.8542960148653        50.1597448159378        83.3846508657319        95.6347217280419
14       83.7257427557379        56.7538544946508        93.0053761886914        55.3263047744922        21.0950231097290        13.4536240470737        41.4366987102013        98.7167665596883        61.0737259384099        44                      56.0446250768082        44.0454310910905        33.0151480384384        0                       24.2074368738204        77.3692445355388        79.6241169495775        48.7647413609464        87.6413144584220        105.603030259553
15       83.4505841801003        51.8555686498567        74.4311762637136        47.1699056602830        17.1172427686237        10.8166538263920        60.6712452484701        102.200782775867        80.8949936646267        64.7610994347687        73                      65.2533524043018        53.8516480713450        24.2074368738204        0                       76.3675323681471        72.0694109869090        45.2548339959390        81.8352002502591        102.615788258922
16       7.21110255092798        25.2388589282479        65.1459898996093        32.2024843762092        90.4267659490264        75                      63.2850693291870        28.8617393793236        70.9365914038728        69.5844810284592        57.2450871254468        71.5681493403316        68.0294054067798        77.3692445355388        76.3675323681471        0                       21.0237960416286        31.1126983722081        18.0277563773199        28.4604989415154
17       25.4950975679639        23.0867927612304        44.3846820423443        25.0798724079689        88.1419309976812        73.7360156233031        76.2167960491649        47.0425339453563        87.4642784226795        82.8733974204026        73.5730929076656        84.7584804016684        78.8542960148653        79.6241169495775        72.0694109869090        21.0237960416286        0                       31.1448230047949        10.8166538263920        33.2866339541865
18       38.2099463490856        8.06225774829855        58                      10.6301458127347        59.6405902049938        44.4184646290256        49.6487663492256        57.8013840664737        65.1152823843988        56.3027530410370        52.0096144957834        57.9827560572969        50.1597448159378        48.7647413609464        45.2548339959390        31.1126983722081        31.1448230047949        0                        38.8973006775534        57.9827560572969
19       19.4164878389476        31.0161248385416        52.2398315464359        34.6698716467194        97.5294827218929        82.7647267862343        79.6241169495775        38.8329756778952        88.6397202161650        86.1220064791805        74.8465096046569        88.0738326632831        83.3846508657319        87.6413144584220        81.8352002502591        18.0277563773199        10.8166538263920        38.8973006775534        0                       22.4722050542442
20       23.1948270094864        50.8035431835222        71.3442359269479        55.9016994374947        117.596768663089        102.396288995256        90.0499861188218        27.5862284482674        94.5409963983879        96                      81.6149496109628        98                      95.6347217280419        105.603030259553        102.615788258922        28.4604989415154        33.2866339541865        57.9827560572969        22.4722050542442        0;
table
f(j,l)  Flow between the products
         1                       2                       3                       4                       5                       6                       7                       8                       9                       10                      11                      12                      13                      14                      15                      16                      17                      18                      19                      20                      21                      22                      23                      24                      25                      26                      27                      28                      29                      30
1        0                       5.09901951359278        8.06225774829855        9.21954445729289        4.12310562561766        9.48683298050514        6.40312423743285        10.8166538263920        8.06225774829855        11.3137084989848        7.81024967590665        9.48683298050514        4.12310562561766        6.40312423743285        5                       3.16227766016838        5.83095189484530        9.21954445729289        9.48683298050514        7.81024967590665        4.47213595499958        3.60555127546399        7.81024967590665        2.23606797749979        8.24621125123532        9                       8.06225774829855        6.70820393249937        9.43398113205660        3.16227766016838
2        5.09901951359278        0                       3                       6.08276253029822        5                       8.24621125123532        4.12310562561766        6.40312423743285        8.06225774829855        7.61577310586391        4.12310562561766        8.24621125123532        5                       4.12310562561766        2.23606797749979        4.47213595499958        2                       8.54400374531753        8.24621125123532        5                       4.24264068711929        3.60555127546399        4.12310562561766        3                       3.16227766016838        4.12310562561766        3.60555127546399        5.38516480713450        7                       4.47213595499958
3        8.06225774829855        3                       0                       6.32455532033676        7.61577310586391        9.43398113205660        5.65685424949238        5.09901951359278        9.89949493661167        7                       4.47213595499958        9.43398113205660        7.61577310586391        5.65685424949238        4.47213595499958        7.28010988928052        3.60555127546399        10                      9.43398113205660        5.83095189484530        6.70820393249937        6.32455532033676        4.47213595499958        6                       1                       1.41421356237310        3.16227766016838        7.07106781186548        7.61577310586391        7.28010988928052
4        9.21954445729289        6.08276253029822        6.32455532033676        0                       5.83095189484530        3.60555127546399        2.82842712474619        3.16227766016838        5.09901951359278        2.23606797749979        2                       3.60555127546399        5.83095189484530        2.82842712474619        4.47213595499958        6.40312423743285        4.12310562561766        4.47213595499958        3.60555127546399        1.41421356237310        5                       5.65685424949238        2                       7.21110255092798        5.38516480713450        7.61577310586391        3.16227766016838        3.16227766016838        1.41421356237310        6.40312423743285
5        4.12310562561766        5                       7.61577310586391        5.83095189484530        0                       5.38516480713450        3.16227766016838        8.24621125123532        4                       8.06225774829855        5.09901951359278        5.38516480713450        0                       3.16227766016838        3.16227766016838        1                       4.12310562561766        5.09901951359278        5.38516480713450        4.47213595499958        1                       1.41421356237310        5.09901951359278        3.16227766016838        7.28010988928052        8.94427190999916        6                       2.82842712474619        5.65685424949238        1
6        9.48683298050514        8.24621125123532        9.43398113205660        3.60555127546399        5.38516480713450        0                       4.12310562561766        6.70820393249937        2.23606797749979        5.09901951359278        5                       0                       5.38516480713450        4.12310562561766        6.08276253029822        6.32455532033676        6.32455532033676        1                       0                       3.60555127546399        5.09901951359278        6.08276253029822        5                       8.06225774829855        8.60232526704263        10.8166538263920        6.40312423743285        3                       2.23606797749979        6.32455532033676
7        6.40312423743285        4.12310562561766        5.65685424949238        2.82842712474619        3.16227766016838        4.12310562561766        0                       5.09901951359278        4.24264068711929        5                       2                       4.12310562561766        3.16227766016838        0                       2                       3.60555127546399        2.23606797749979        4.47213595499958        4.12310562561766        1.41421356237310        2.23606797749979        2.82842712474619        2                       4.47213595499958        5                       7.07106781186548        3.16227766016838        1.41421356237310        3.16227766016838        3.60555127546399
8        10.8166538263920        6.40312423743285        5.09901951359278        3.16227766016838        8.24621125123532        6.70820393249937        5.09901951359278        0                       8.24621125123532        2.23606797749979        3.16227766016838        6.70820393249937        8.24621125123532        5.09901951359278        5.83095189484530        8.54400374531753        5                       7.61577310586391        6.70820393249937        4                       7.28010988928052        7.61577310586391        3.16227766016838        8.60232526704263        4.12310562561766        6                       2.82842712474619        6                       4.47213595499958        8.54400374531753
9        8.06225774829855        8.06225774829855        9.89949493661167        5.09901951359278        4                       2.23606797749979        4.24264068711929        8.24621125123532        0                       7                       5.83095189484530        2.23606797749979        4                       4.24264068711929        5.83095189484530        5                       6.40312423743285        1.41421356237310        2.23606797749979        4.47213595499958        4.12310562561766        5.09901951359278        5.83095189484530        7.07106781186548        9.21954445729289        11.3137084989848        7.21110255092798        2.82842712474619        4                       5
10       11.3137084989848        7.61577310586391        7                       2.23606797749979        8.06225774829855        5.09901951359278        5                       2.23606797749979        7                       0                       3.60555127546399        5.09901951359278        8.06225774829855        5                       6.40312423743285        8.60232526704263        5.83095189484530        6.08276253029822        5.09901951359278        3.60555127546399        7.21110255092798        7.81024967590665        3.60555127546399        9.21954445729289        6                       8.06225774829855        4.12310562561766        5.38516480713450        3                       8.60232526704263
11       7.81024967590665        4.12310562561766        4.47213595499958        2                       5.09901951359278        5                       2                       3.16227766016838        5.83095189484530        3.60555127546399        0                       5                       5.09901951359278        2                       2.82842712474619        5.38516480713450        2.23606797749979        5.65685424949238        5                       1.41421356237310        4.12310562561766        4.47213595499958        0                       5.65685424949238        3.60555127546399        5.83095189484530        1.41421356237310        3.16227766016838        3.16227766016838        5.38516480713450
12       9.48683298050514        8.24621125123532        9.43398113205660        3.60555127546399        5.38516480713450        0                       4.12310562561766        6.70820393249937        2.23606797749979        5.09901951359278        5                       0                       5.38516480713450        4.12310562561766        6.08276253029822        6.32455532033676        6.32455532033676        1                       0                       3.60555127546399        5.09901951359278        6.08276253029822        5                       8.06225774829855        8.60232526704263        10.8166538263920        6.40312423743285        3                       2.23606797749979        6.32455532033676
13       4.12310562561766        5                       7.61577310586391        5.83095189484530        0                       5.38516480713450        3.16227766016838        8.24621125123532        4                       8.06225774829855        5.09901951359278        5.38516480713450        0                       3.16227766016838        3.16227766016838        1                       4.12310562561766        5.09901951359278        5.38516480713450        4.47213595499958        1                       1.41421356237310        5.09901951359278        3.16227766016838        7.28010988928052        8.94427190999916        6                       2.82842712474619        5.65685424949238        1
14       6.40312423743285        4.12310562561766        5.65685424949238        2.82842712474619        3.16227766016838        4.12310562561766        0                       5.09901951359278        4.24264068711929        5                       2                       4.12310562561766        3.16227766016838        0                       2                       3.60555127546399        2.23606797749979        4.47213595499958        4.12310562561766        1.41421356237310        2.23606797749979        2.82842712474619        2                       4.47213595499958        5                       7.07106781186548        3.16227766016838        1.41421356237310        3.16227766016838        3.60555127546399
15       5                       2.23606797749979        4.47213595499958        4.47213595499958        3.16227766016838        6.08276253029822        2                       5.83095189484530        5.83095189484530        6.40312423743285        2.82842712474619        6.08276253029822        3.16227766016838        2                       0                       3                       1                       6.32455532033676        6.08276253029822        3.16227766016838        2.23606797749979        2                       2.82842712474619        2.82842712474619        4.12310562561766        5.83095189484530        3.16227766016838        3.16227766016838        5.09901951359278        3
16       3.16227766016838        4.47213595499958        7.28010988928052        6.40312423743285        1                       6.32455532033676        3.60555127546399        8.54400374531753        5                       8.60232526704263        5.38516480713450        6.32455532033676        1                       3.60555127546399        3                       0                       4                       6.08276253029822        6.32455532033676        5                       1.41421356237310        1                       5.38516480713450        2.23606797749979        7.07106781186548        8.54400374531753        6.08276253029822        3.60555127546399        6.40312423743285        0
17       5.83095189484530        2                       3.60555127546399        4.12310562561766        4.12310562561766        6.32455532033676        2.23606797749979        5                       6.40312423743285        5.83095189484530        2.23606797749979        6.32455532033676        4.12310562561766        2.23606797749979        1                       4                       0                       6.70820393249937        6.32455532033676        3                       3.16227766016838        3                       2.23606797749979        3.60555127546399        3.16227766016838        5                       2.23606797749979        3.60555127546399        5                       4
18       9.21954445729289        8.54400374531753        10                      4.47213595499958        5.09901951359278        1                       4.47213595499958        7.61577310586391        1.41421356237310        6.08276253029822        5.65685424949238        1                       5.09901951359278        4.47213595499958        6.32455532033676        6.08276253029822        6.70820393249937        0                       1                       4.24264068711929        5                       6                       5.65685424949238        8                       9.21954445729289        11.4017542509914        7.07106781186548        3.16227766016838        3.16227766016838        6.08276253029822
19       9.48683298050514        8.24621125123532        9.43398113205660        3.60555127546399        5.38516480713450        0                       4.12310562561766        6.70820393249937        2.23606797749979        5.09901951359278        5                       0                       5.38516480713450        4.12310562561766        6.08276253029822        6.32455532033676        6.32455532033676        1                       0                       3.60555127546399        5.09901951359278        6.08276253029822        5                       8.06225774829855        8.60232526704263        10.8166538263920        6.40312423743285        3                       2.23606797749979        6.32455532033676
20       7.81024967590665        5                       5.83095189484530        1.41421356237310        4.47213595499958        3.60555127546399        1.41421356237310        4                       4.47213595499958        3.60555127546399        1.41421356237310        3.60555127546399        4.47213595499958        1.41421356237310        3.16227766016838        5                       3                       4.24264068711929        3.60555127546399        0                       3.60555127546399        4.24264068711929        1.41421356237310        5.83095189484530        5                       7.21110255092798        2.82842712474619        2                       2                       5
21       4.47213595499958        4.24264068711929        6.70820393249937        5                       1                       5.09901951359278        2.23606797749979        7.28010988928052        4.12310562561766        7.21110255092798        4.12310562561766        5.09901951359278        1                       2.23606797749979        2.23606797749979        1.41421356237310        3.16227766016838        5                       5.09901951359278        3.60555127546399        0                       1                       4.12310562561766        3                       6.32455532033676        8.06225774829855        5                       2.23606797749979        5                       1.41421356237310
